23
18.0487  21.0035  18.0485  21.0034
56.4985  46.191  56.4985  46.191
52.5335  40.1186  52.5336  40.1187
71.4843  37.1865  71.4843  37.1866
83.4535  24.3589  83.4535  24.3589
71.3538  46.4789  71.3538  46.4789
78.7459  28.2057  78.7459  28.2057
80.1085  52.3344  80.1085  52.3344
66.5906  5.03239  66.5906  5.03239
77.1681  32.9497  77.1681  32.9497
71.4837  20.4018  71.4835  20.402
5.41511  17.3813  5.41511  17.3813
29.1435  42.5565  29.1435  42.5565
60.1502  40.1062  60.1502  40.1062
76.8426  27.6515  76.8426  27.6515
53.3946  38.8464  53.3946  38.8464
81.1697  36.9348  81.1697  36.9349
46.5212  31.2391  46.5212  31.2391
64.5886  6.97755  64.5885  6.97754
34.9978  6.31635  34.9978  6.3163
54.4952  39.8984  54.4948  39.8985
46.4101  28.9678  46.4101  28.9679
78.7459  28.2057  78.7459  28.2057
